service_id,date,exception_type
246071524607226,20250208,1
246071524607226,20250215,1
246072324607237,20250216,1
246073024607587,20250309,1
246071524607366,20250222,1
246071024607152,20250204,1
246073024607501,20250303,1
246073024607506,20250308,1
246073124607634,20250320,1
246072324607291,20250217,1
246075124607647,20250316,1
246075124607646,20250329,1
246071024607201,20250210,1
246071024607202,20250211,1
246071024607203,20250212,1
246073124607621,20250310,1
246071424607635,20250314,1
246072924607366,20250301,1
246071024607142,20250204,1
246071624607214,20250213,1
246072424607284,20250220,1
246073024607421,20250303,1
246075924607631,20250324,1
246075924607632,20250325,1
246073024607431,20250303,1
246073024607436,20250308,1
246074424607494,20250313,1
246071624607361,20250217,1
246071624607362,20250218,1
246071624607364,20250220,1
246071624607367,20250223,1
246075824607644,20250327,1
246075124607645,20250321,1
246073724607587,20250302,1
246071524607646,20250208,1
246071524607646,20250315,1
246071724607202,20250211,1
246071724607203,20250212,1
246071724607204,20250213,1
246072124607635,20250307,1
246071124607204,20250213,1
246073224607623,20250226,1
246073224607622,20250318,1
246072224607996,20250308,1
246072224607996,20250315,1
246072224607996,20250412,1
246072324607937,20250420,1
246071824607952,20250225,1
246071824607952,20250408,1
246072024607764,20250403,1
246072124607985,20250425,1
246073124607941,20250317,1
246073124607941,20250407,1
246073124607941,20250414,1
246071824607742,20250218,1
246071824607742,20250311,1
246072024607974,20250410,1
246073524607635,20250228,1
246073624607646,20250322,1
246073024607576,20250308,1
246072324607252,20250218,1
246072324607587,20250309,1
246072324607587,20250316,1
246073024607647,20250309,1
246073024607646,20250322,1
246073024607644,20250227,1
246073024607643,20250312,1
246073024607644,20250313,1
246073024607644,20250327,1
246073024607645,20250328,1
246071624607645,20250214,1
246071624607644,20250220,1
246071624607645,20250221,1
246071624607646,20250301,1
246071624607642,20250311,1
246071624607644,20250313,1
246071624607645,20250314,1
246071624607647,20250323,1
246073024607627,20250223,1
246073024607627,20250309,1
246073024607621,20250310,1
246073024607623,20250326,1
246072724607284,20250220,1
246073224607633,20250226,1
246071624607657,20250309,1
246073724607377,20250302,1
246075024607506,20250315,1
246075124607517,20250316,1
246073024607587,20250316,1
246071524607366,20250301,1
246071624607377,20250223,1
246071024607153,20250205,1
246071024607154,20250206,1
246071624607223,20250212,1
246071624607224,20250213,1
246071624607225,20250214,1
246073024607507,20250223,1
246073024607504,20250227,1
246073024607506,20250301,1
246073024607504,20250313,1
246075124607562,20250318,1
246075924607643,20250326,1
246071024607215,20250207,1
246071024607213,20250212,1
246072524607285,20250221,1
246073124607631,20250303,1
246073124607633,20250305,1
246073124607634,20250306,1
246073124607633,20250312,1
246073124607632,20250318,1
246073124607634,20250327,1
246075124607646,20250322,1
246075124607647,20250323,1
246071024607201,20250203,1
246072524607274,20250220,1
246073124607622,20250311,1
246073124607622,20250318,1
246071424607635,20250307,1
246073024607377,20250302,1
246073824607635,20250314,1
246073824607633,20250319,1
246073824607631,20250324,1
246073824607633,20250326,1
246071024607145,20250207,1
246071624607215,20250214,1
246072424607285,20250221,1
246073024607421,20250224,1
246073024607423,20250226,1
246073024607425,20250307,1
246074524607494,20250313,1
246074524607495,20250314,1
246073024607434,20250227,1
246073724607421,20250303,1
246073724607424,20250306,1
246071624607361,20250210,1
246071624607362,20250211,1
246071624607365,20250214,1
246071624607364,20250227,1
246075124607642,20250318,1
246075124607641,20250324,1
246075124607642,20250325,1
246072924607646,20250301,1
246072924607646,20250308,1
246072924607646,20250322,1
246071024607132,20250204,1
246071724607201,20250210,1
246072124607635,20250228,1
246071124607202,20250211,1
246071124607203,20250212,1
246073224607624,20250227,1
246073224607624,20250313,1
246072224607996,20250215,1
246072224607996,20250222,1
246072224607996,20250322,1
246072224607996,20250405,1
246072224607996,20250419,1
246072224607996,20250503,1
246072324607937,20250316,1
246071824607952,20250325,1
246072024607764,20250306,1
246072124607985,20250321,1
246072124607985,20250411,1
246073124607941,20250303,1
246073124607941,20250310,1
246073124607941,20250324,1
246071724607171,20250210,1
246071824607742,20250225,1
246071824607742,20250304,1
246071824607742,20250325,1
246072024607974,20250313,1
246072024607974,20250417,1
246071624607587,20250309,1
246071524607576,20250222,1
246072324607241,20250217,1
246073024607647,20250302,1
246073024607642,20250311,1
246073024607447,20250223,1
246073024607447,20250302,1
246071624607644,20250213,1
246071624607646,20250215,1
246071624607641,20250217,1
246071624607642,20250225,1
246071624607643,20250226,1
246071624607643,20250326,1
246071624607644,20250327,1
246071624607646,20250329,1
246071424607645,20250207,1
246071624607203,20250212,1
246073024607622,20250311,1
246073024607627,20250316,1
246073024607624,20250320,1
246073024607622,20250325,1
246072624607283,20250219,1
246071524607296,20250215,1
246071124607213,20250205,1
246073224607633,20250305,1
246073224607635,20250307,1
246073224607633,20250326,1
246073224607635,20250328,1
246071624607657,20250209,1
246075124607587,20250316,1
246071524607366,20250208,1
246071624607377,20250216,1
246074324607576,20250315,1
246073024607501,20250224,1
246073024607502,20250225,1
246073024607503,20250305,1
246075124607567,20250316,1
246071024607212,20250211,1
246072524607282,20250218,1
246073124607635,20250307,1
246073124607635,20250321,1
246073124607632,20250325,1
246073124607635,20250328,1
246073024607366,20250301,1
246073124607622,20250225,1
246073124607624,20250320,1
246075724607646,20250322,1
246073124607351,20250224,1
246073824607634,20250320,1
246072824607635,20250228,1
246071624607212,20250211,1
246074524607491,20250310,1
246073024607435,20250228,1
246073024607436,20250301,1
246074424607492,20250311,1
246073024607361,20250224,1
246073724607425,20250307,1
246074524607502,20250311,1
246075224607571,20250317,1
246075224607575,20250321,1
246071524607646,20250308,1
246071524607646,20250322,1
246072124607635,20250328,1
246073224607622,20250304,1
246073224607623,20250305,1
246073224607624,20250327,1
246072324607937,20250323,1
246071824607952,20250422,1
246071924607753,20250219,1
246072124607985,20250214,1
246072124607985,20250418,1
246072424607941,20250407,1
246072024607974,20250327,1
246078824607952,20250422,1
246071624607587,20250323,1
246072424607296,20250222,1
246073624607646,20250315,1
246073024607577,20250302,1
246072324607587,20250216,1
246073024607646,20250315,1
246073024607647,20250316,1
246073024607642,20250325,1
246073024607447,20250309,1
246071624607643,20250212,1
246071624607643,20250305,1
246071624607641,20250317,1
246071624607645,20250328,1
246071424607645,20250314,1
246073024607623,20250226,1
246073024607627,20250302,1
246073024607622,20250304,1
246073024607623,20250319,1
246072724607285,20250221,1
246073224607632,20250304,1
246073224607632,20250311,1
246073224607634,20250320,1
246071624607657,20250216,1
246072424607241,20250217,1
246075024607576,20250315,1
246075024607646,20250315,1
246071624607377,20250209,1
246074324607576,20250308,1
246071024607151,20250203,1
246071624607222,20250211,1
246071624607226,20250215,1
246072324607297,20250216,1
246072324607293,20250219,1
246073024607503,20250312,1
246075124607563,20250319,1
246075124607564,20250320,1
246071024607211,20250210,1
246073124607631,20250224,1
246073124607635,20250228,1
246073124607634,20250313,1
246073124607631,20250317,1
246073124607633,20250319,1
246073124607631,20250324,1
246072524607273,20250219,1
246073124607624,20250227,1
246073124607624,20250306,1
246073124607622,20250325,1
246073124607624,20250327,1
246071424607635,20250207,1
246073024607377,20250223,1
246073824607632,20250311,1
246073824607633,20250312,1
246073824607634,20250327,1
246072824607635,20250221,1
246071024607141,20250203,1
246071024607144,20250206,1
246071624607213,20250212,1
246073024607422,20250225,1
246073024607424,20250227,1
246073024607431,20250224,1
246074424607493,20250312,1
246075224607563,20250319,1
246075224607564,20250320,1
246073024607365,20250228,1
246074524607503,20250312,1
246074524607505,20250314,1
246071624607365,20250228,1
246071624607366,20250301,1
246075224607574,20250320,1
246075124607641,20250317,1
246072924607646,20250329,1
246071524607646,20250222,1
246072124607635,20250221,1
246072124607635,20250321,1
246071024607171,20250203,1
246071024607171,20250210,1
246073124607591,20250224,1
246073124607591,20250310,1
246071124607203,20250205,1
246072524607252,20250218,1
246075224607521,20250317,1
246072224607996,20250426,1
246072324607937,20250223,1
246071824607952,20250211,1
246071824607952,20250311,1
246072124607985,20250314,1
246072424607941,20250217,1
246072424607941,20250324,1
246071824607742,20250408,1
246078824607952,20250429,1
246071624607587,20250223,1
246073524607635,20250314,1
246073524607635,20250321,1
246073624607646,20250308,1
246071524607576,20250322,1
246073024607577,20250309,1
246073024607576,20250315,1
246072324607251,20250217,1
246073024607647,20250223,1
246074424607647,20250309,1
246073024607641,20250310,1
246073024607643,20250319,1
246073024607644,20250320,1
246071624607647,20250209,1
246071624607641,20250210,1
246071624607647,20250223,1
246071624607647,20250309,1
246071624607642,20250325,1
246071424607646,20250322,1
246071624607204,20250213,1
246073024607621,20250303,1
246073024607624,20250313,1
246073024607621,20250324,1
246072924607436,20250301,1
246071524607296,20250222,1
246071124607214,20250213,1
246073224607634,20250227,1
246073224607635,20250228,1
246073224607632,20250318,1
246073224607633,20250319,1
246071624607657,20250223,1
246072924607296,20250222,1
246074324607436,20250308,1
246074324607576,20250322,1
246071024607155,20250207,1
246071024607156,20250208,1
246072324607296,20250222,1
246073024607505,20250228,1
246073024607502,20250304,1
246073024607505,20250314,1
246075924607642,20250325,1
246071024607212,20250204,1
246071024607213,20250205,1
246073124607631,20250310,1
246073124607633,20250326,1
246071524607156,20250208,1
246071024607202,20250204,1
246073124607623,20250226,1
246073124607621,20250303,1
246073124607624,20250313,1
246073124607621,20250317,1
246073124607623,20250319,1
246073124607352,20250225,1
246073824607631,20250303,1
246073824607632,20250304,1
246071624607237,20250216,1
246072824607635,20250321,1
246072824607635,20250328,1
246072924607366,20250222,1
246071624607217,20250209,1
246074524607492,20250311,1
246073024607437,20250223,1
246075224607561,20250317,1
246075224607562,20250318,1
246073724607423,20250305,1
246074524607504,20250313,1
246074524607506,20250315,1
246071624607366,20250215,1
246071624607362,20250225,1
246075824607642,20250325,1
246075124607644,20250320,1
246072924607646,20250222,1
246073724607587,20250323,1
246071024607131,20250203,1
246071424607145,20250207,1
246072124607635,20250214,1
246073224607623,20250319,1
246072324607937,20250216,1
246072324607937,20250302,1
246072324607937,20250309,1
246072324607937,20250413,1
246071824607952,20250218,1
246071824607952,20250429,1
246071924607753,20250312,1
246071924607753,20250326,1
246072024607764,20250227,1
246072024607764,20250313,1
246072024607764,20250410,1
246072124607985,20250228,1
246073124607941,20250421,1
246072424607941,20250224,1
246072424607941,20250414,1
246072024607974,20250220,1
246072824607285,20250221,1
246073024607577,20250223,1
246072324607257,20250216,1
246072324607587,20250302,1
246073024607646,20250308,1
246074424607646,20250315,1
246074424607646,20250322,1
246073024607645,20250314,1
246073024607642,20250318,1
246073024607645,20250321,1
246073024607641,20250324,1
246071624607642,20250218,1
246071624607646,20250222,1
246071624607642,20250304,1
246071624607641,20250310,1
246071624607642,20250318,1
246071624607645,20250321,1
246071624607641,20250324,1
246071424607645,20250214,1
246071424607646,20250301,1
246071424607646,20250329,1
246073024607623,20250305,1
246073024607624,20250306,1
246073024607621,20250317,1
246073024607624,20250327,1
246072624607285,20250221,1
246072924607436,20250222,1
246071524607296,20250208,1
246071124607212,20250204,1
246071124607214,20250206,1
246073224607634,20250306,1
246073224607633,20250312,1
246073224607635,20250321,1
246071624607657,20250323,1
246073024607307,20250223,1
246075824607587,20250323,1
246076424607646,20250329,1
246075024607646,20250329,1
246073024607587,20250302,1
246073024607587,20250323,1
246071624607227,20250209,1
246072324607295,20250221,1
246073024607504,20250306,1
246073024607507,20250309,1
246073024607501,20250310,1
246075924607646,20250329,1
246072524607283,20250219,1
246073124607632,20250225,1
246073124607632,20250304,1
246073124607635,20250314,1
246071024607204,20250206,1
246071024607204,20250213,1
246073124607621,20250324,1
246071424607635,20250221,1
246071424607635,20250321,1
246071424607635,20250328,1
246073124607353,20250226,1
246073824607633,20250305,1
246073824607634,20250306,1
246073824607635,20250307,1
246073824607631,20250310,1
246073824607631,20250317,1
246073824607632,20250325,1
246075824607647,20250323,1
246075824607646,20250329,1
246071024607143,20250205,1
246071624607211,20250210,1
246072424607281,20250217,1
246073024607427,20250302,1
246073024607423,20250305,1
246074524607493,20250312,1
246075924607633,20250326,1
246073024607432,20250225,1
246073024607437,20250302,1
246073024607433,20250305,1
246073024607362,20250225,1
246073724607427,20250302,1
246071624607363,20250212,1
246071624607364,20250213,1
246071624607365,20250221,1
246071624607366,20250222,1
246071624607361,20250224,1
246075224607572,20250318,1
246075824607643,20250326,1
246075124607644,20250327,1
246073724607587,20250309,1
246073724607587,20250316,1
246072124607635,20250314,1
246072624607273,20250219,1
246072624607274,20250220,1
246073224607624,20250306,1
246073224607624,20250320,1
246073224607622,20250325,1
246073224607623,20250326,1
246072224607996,20250301,1
246072324607937,20250330,1
246072324607937,20250427,1
246071824607952,20250304,1
246071824607952,20250415,1
246071924607753,20250409,1
246072024607764,20250213,1
246073124607941,20250331,1
246073124607941,20250428,1
246079024607974,20250424,1
246072424607941,20250310,1
246072424607941,20250331,1
246071824607742,20250318,1
246072024607974,20250501,1
246074324607506,20250315,1
246072424607291,20250217,1
246071524607576,20250208,1
246071524607576,20250301,1
246073024607576,20250301,1
246073024607577,20250316,1
246072324607247,20250216,1
246073024607646,20250301,1
246073024607642,20250225,1
246073024607645,20250228,1
246071624607645,20250228,1
246071624607647,20250302,1
246071624607644,20250320,1
246071624607646,20250322,1
246071424607646,20250222,1
246071424607645,20250228,1
246071424607645,20250321,1
246071424607645,20250328,1
246071624607201,20250210,1
246073024607621,20250224,1
246072924607436,20250308,1
246071124607215,20250207,1
246073224607634,20250313,1
246073224607635,20250314,1
246073224607632,20250325,1
246071624607657,20250330,1
246072724607274,20250220,1
246074424607447,20250309,1
246075024607576,20250322,1
246071624607167,20250209,1
246075124607587,20250323,1
246071524607366,20250215,1
246074424607587,20250309,1
246073024607507,20250302,1
246073024607505,20250307,1
246073024607506,20250315,1
246075924607644,20250327,1
246071024607211,20250203,1
246071024607214,20250213,1
246073124607632,20250311,1
246072524607272,20250218,1
246073124607623,20250305,1
246073124607623,20250326,1
246071424607635,20250228,1
246075724607646,20250329,1
246073824607632,20250318,1
246073824607635,20250328,1
246071424607215,20250214,1
246071624607237,20250209,1
246072824607635,20250307,1
246072424607283,20250219,1
246073024607427,20250223,1
246073024607425,20250228,1
246073024607422,20250304,1
246073024607424,20250306,1
246075924607634,20250327,1
246073024607435,20250307,1
246075224607565,20250321,1
246073724607422,20250304,1
246071624607367,20250209,1
246071624607363,20250219,1
246071624607363,20250226,1
246075224607573,20250319,1
246075224607576,20250322,1
246075824607641,20250324,1
246072924607646,20250315,1
246072224607226,20250215,1
246073124607591,20250324,1
246071124607202,20250204,1
246071124607204,20250206,1
246073224607623,20250312,1
246071824607952,20250318,1
246071924607753,20250226,1
246071924607753,20250402,1
246072024607764,20250320,1
246072024607764,20250327,1
246072124607985,20250221,1
246073124607941,20250224,1
246078924607963,20250423,1
246078924607963,20250430,1
246079024607974,20250501,1
246072424607941,20250303,1
246072424607941,20250428,1
246072024607974,20250213,1
246072024607974,20250227,1
246072024607974,20250306,1
246072024607974,20250403,1
246072024607974,20250424,1
246074324607506,20250308,1
246071624607587,20250316,1
246073524607635,20250307,1
246073524607635,20250328,1
246071524607576,20250215,1
246071524607576,20250315,1
246073024607576,20250322,1
246072324607587,20250323,1
246073024607647,20250323,1
246074424607647,20250323,1
246074424607646,20250329,1
246073024607643,20250226,1
246073024607641,20250303,1
246073024607642,20250304,1
246073024607644,20250306,1
246073024607641,20250317,1
246073024607643,20250326,1
246071624607642,20250211,1
246071624607647,20250216,1
246071624607643,20250219,1
246071624607641,20250224,1
246071624607641,20250303,1
246071624607644,20250306,1
246071624607643,20250312,1
246071624607646,20250315,1
246071424607646,20250208,1
246071424607645,20250221,1
246071424607646,20250315,1
246071624607202,20250211,1
246073024607624,20250227,1
246072624607284,20250220,1
246071124607212,20250211,1
246073224607632,20250225,1
246073224607634,20250327,1
246072424607251,20250217,1
246073624607366,20250301,1
246075724607576,20250322,1
246075024607646,20250322,1
246073024607587,20250223,1
246071624607377,20250302,1
246074424607587,20250316,1
246074424607587,20250323,1
246071624607221,20250210,1
246072324607292,20250218,1
246072324607294,20250220,1
246073024607503,20250226,1
246073024607502,20250311,1
246075124607561,20250317,1
246075124607565,20250321,1
246075924607641,20250324,1
246075924607645,20250328,1
246071024607214,20250206,1
246071024607215,20250214,1
246072524607284,20250220,1
246073124607633,20250226,1
246073124607634,20250227,1
246073024607367,20250223,1
246071024607203,20250205,1
246073124607621,20250224,1
246073124607622,20250304,1
246073124607623,20250312,1
246071424607635,20250214,1
246073124607354,20250227,1
246073124607355,20250228,1
246073824607634,20250313,1
246073824607635,20250321,1
246071424607215,20250207,1
246072824607635,20250314,1
246072424607282,20250218,1
246075924607635,20250328,1
246073024607433,20250226,1
246073024607432,20250304,1
246073024607434,20250306,1
246074424607497,20250309,1
246074424607491,20250310,1
246074424607495,20250314,1
246073024607363,20250226,1
246073024607364,20250227,1
246074524607501,20250310,1
246071624607367,20250216,1
246075824607645,20250328,1
246075124607643,20250319,1
246075124607643,20250326,1
246075124607645,20250328,1
246071524607646,20250215,1
246071524607646,20250301,1
246071524607646,20250329,1
246071024607133,20250205,1
246071024607134,20250206,1
246073124607591,20250303,1
246073124607591,20250317,1
246073224607622,20250225,1
246073224607622,20250311,1
246072224607996,20250329,1
246072324607937,20250406,1
246071824607952,20250401,1
246071924607753,20250212,1
246071924607753,20250305,1
246071924607753,20250319,1
246072024607764,20250220,1
246072124607985,20250307,1
246072124607985,20250328,1
246072124607985,20250404,1
246072124607985,20250502,1
246072424607941,20250317,1
246072424607941,20250421,1
246071824607742,20250211,1
246071824607742,20250401,1
246072024607974,20250320,1
246071624607587,20250209,1
246071624607587,20250216,1
246071624607587,20250302,1
246073624607646,20250301,1
246073624607646,20250329,1
246071524607576,20250308,1
246072324607587,20250223,1
246073024607646,20250329,1
246074424607647,20250316,1
246073024607641,20250224,1
246073024607643,20250305,1
246073024607645,20250307,1
246071624607644,20250227,1
246071624607645,20250307,1
246071624607646,20250308,1
246071624607647,20250316,1
246071624607643,20250319,1
246071424607646,20250215,1
246071424607645,20250307,1
246071424607646,20250308,1
246071624607207,20250209,1
246073024607622,20250225,1
246073024607623,20250312,1
246073024607622,20250318,1
246073024607627,20250323,1
246071124607213,20250212,1
246071124607215,20250214,1
246071624607657,20250302,1
246071624607657,20250316,1
246072624607263,20250219,1
246072424607252,20250218,1
